header: 
  seq: 283758
  stamp: 
    secs: 1497029202
    nsecs: 916838000
  frame_id: /left_hand_camera
height: 800
width: 1280
distortion_model: plumb_bob
D: [0.0196331022067, -0.0542073038238, 0.000869497661924, -0.000465375594747, 0.0139493320243]
K: [408.769942172, 0.0, 629.645766058, 0.0, 408.769942172, 361.84845779, 0.0, 0.0, 1.0]
R: [1.0, 0.0, 0.0, 0.0, 1.0, 0.0, 0.0, 0.0, 1.0]
P: [408.769942172, 0.0, 629.645766058, 0.0, 0.0, 408.769942172, 361.84845779, 0.0, 0.0, 0.0, 1.0, 0.0]
binning_x: 1
binning_y: 1
roi: 
  x_offset: 0
  y_offset: 0
  height: 800
  width: 1280
  do_rectify: False

